left_sensor
	[(0,1), (1,0)]
	[(1,0), (1,1), (9,1), (17,0)]
	[(12,0), (19,1), (27,1), (46,0)]
	[(40,0), (50,1)]
right_sensor
	[(0,1), (9,0)]
	[(9,0), (11,1), (17,1), (31,0)]
	[(20,0), (29,1), (30,1), (48,0)]
	[(35,0), (50,1)]
front_sensor
	[(0,1), (5,0)]
	[(5,0), (11,1), (15,1), (16,0)]
	[(16,0), (15,1), (16,1), (19,0)]
	[(17,0), (20,1)]
angle
	[(-45,1), (-44,0)]
	[(-44,0), (-32,1), (-31,1), (-22,0)]
	[(-32,0), (-26,1), (-24,1), (-19,0)]
	[(-21,0), (-16,1), (-12,1), (18,0)]
	[(-5,0), (45,1)]
left_sensor
	[(0,1), (1,0)]
	[(1,0), (1,1), (9,1), (17,0)]
	[(12,0), (19,1), (27,1), (46,0)]
	[(40,0), (50,1)]
right_sensor
	[(0,1), (9,0)]
	[(9,0), (11,1), (17,1), (31,0)]
	[(20,0), (29,1), (30,1), (48,0)]
	[(35,0), (50,1)]
front_sensor
	[(0,1), (5,0)]
	[(5,0), (11,1), (15,1), (16,0)]
	[(16,0), (15,1), (16,1), (19,0)]
	[(17,0), (20,1)]
velocity
	[(1,1), (8,0)]
	[(3,0), (8,1), (10,1), (14,0)]
	[(9,0), (12,1), (16,1), (17,0)]
	[(17,0), (20,1)]
Fitness: 0.0